233302
255586
209785
234089
204490
193769
205326
191992
209117
198165
198960
191936
193929
202671
210034
192959
226414
251775
267781
250678
252343
236499
243759
234340
223589
214577
202538
213960
197657
200949
203953
204781
203453
187300
190561
193596
202117
207609
204525
247592
206222
234867
199414
196845
201623
199029
199061
215150
230312
201518
201215
204478
203858
203181
199699
207580
203579
217728
212842
201338
197013
201476
204985
200618
199507
198944
196506
197840
201789
202940
197677
193211
190844
200607
202842
196169
197603
208846
201386
203036
204801
225441
215956
206726
205948
211299
223100
215423
212571
222162
213980
210513
202509
207393
213448
210614
218647
216455
216204
226638
216642
226394
218818
218335
213228
216848
213868
222835
219495
234552
221286
223462
218503
226725
222151
242766
214787
220211
222126
216055
224849
210251
229714
221970
209953
218831
205668
219869
234941
222993
214984
213154
215641
211725
224772
220153
213078
214132
222533
211167
225545
210385
228408
217436
222117
229905
204895
234593
211849
219979
216064
223243
219142
209347
232733
216914
230346
227745
232653
207824
234859
233819
241677
225496
230929
218707
220183
227314
214124
217664
222679
225696
250160
224439
205768
221332
230882
220296
242827
230991
218052
214253
238509
232598
236066
216187
228108
210435
232209
225648
217827
219795
219550
217277
224651
225753
222857
210433
222729
219405
223903
234506
223077
226412
243781
222948
246564
230536
221096
228418
235559
220498
218415
222451
232817
246199
229374
237913
233937
246137
257020
235795
234933
227957
241641
231270
241422
224141
250916
233040
235217
235399
248577
229243
231170
237309
223986
222563
230269
226232
244256
224750
217614
215340
230324
218053
224086
236579
227270
228468
226252
234351
216869
226472
223137
221702
221862
209367
225257
225229
240995
224636
222736
227442
229717
221366
219707
229323
218377
221931
218515
229458
216620
222457
208525
218386
214521
215766
227605
219733
225865
223178
227027
212506
222206
218359
213201
219196
211714
221843
234258
240260
230048
228801
213776
226822
215293
218276
224433
232728
222598
209335
212801
218642
220191
218245
210594
211149
212471
226204
221546
218461
209765
214771
226284
206702
217917
230105
225535
227136
222373
226568
211298
219667
225237
218497
204547
215213
212586
215050
226479
245712
222141
219023
217248
219798
226988
219098
234666
223936
231080
225898
220919
223919
222961
217173
232411
215262
258405
221797
221315
230396
199287
207261
279614
213330
228014
216984
221936
233642
229212
225740
234614
223537
231762
227952
243814
224110
218171
232806
226880
217817
224988
229408
233333
222783
232443
222915
225041
222654
247675
245638
230635
236630
243595
217644
214477
211267
225714
218738
202297
227838
225711
227401
225636
225353
203606
215503
245316
232224
240871
216478
239899
219574
216283
207033
228439
219984
220352
207964
219808
221528
221742
217368
225532
239369
215311
229696
214058
234566
236293
214121
212330
237751
216411
219939
214596
211370
218753
213212
214661
219889
221630
224473
230572
218836
219369
226095
220128
206440
207091
208691
216398
205312
213329
217948
207701
214107
212491
241103
205998
202095
208232
233323
206353
219639
212107
196997
216644
228231
210691
202283
196165
216934
209971
201914
211275
199134
207751
208921
213081
213143
209172
217787
225117
222958
218713
225985
213087
231040
231325
232697
223464
221344
214875
218439
218553
223120
223016
217962
220109
215808
214878
231833
217163
230058
233309
222689
217479
227479
225331
228526
214307
231522
225175
227643
223584
221406
219353
233298
219313
209233
210215
213456
211836
217878
216127
218595
223504
216685
214933
208810
215813
210027
222468
217504
208286
216235
235625
211939
214273
212065
201465
215428
205127
212553
204271
204029
205323
220821
204148
204287
213299
217592
256136
225407
213962
208659
249230
223701
208748
211850
202640
218220
220974
205728
202446
200231
205658
213184
233282
241141
256960
236505
287682
330349
267246
326359
246209
278621
236030
227611
238145
200002
215231
220326
210469
208577
202664
208480
206802
203983
215959
208353
205565
204588
214091
213469
216157
214569
214046
186533
204997
202332
195496
206207
205791
200214
212286
200011
225398
207675
192929
208630
204649
212090
220025
223264
214922
223204
214653
209723
211471
217905
225318
207635
217068
219474
218895
218025
223992
214585
222666
218790
220709
217056
214981
216144
219704
212562
207714
210844
219350
210791
212624
223284
215557
217169
223909
213949
236953
210306
215519
210641
213280
234938
220059
216022
224198
212904
213912
239761
215052
228043
221930
216067
197699
207534
200480
198459
203144
206691
212671
236331
211994
225321
200736
209717
213596
211095
207761
214089
240478
215301
215153
222370
218899
189834
208745
197125
199147
205739
196775
202318
208408
205375
197459
213530
210204
212235
202299
206853
203004
204250
217344
203672
211480
208752
212268
207321
200133
205429
203096
200011
202279
209078
202664
206377
199331
202713
204273
207981
203063
211700
216682
199512
202656
227458
212259
208496
217860
225266
213572
220302
215735
189489
217688
192516
214757
207825
207115
204831
217458
193112
213330
216490
203927
233951
214431
215917
220251
212002
203480
212854
213596
209650
214650
211016
236541
215902
210279
213850
219438
230739
211166
208515
219023
208848
211147
213669
207763
211096
227794
223257
230313
225010
223238
237669
216552
232707
225998
222499
216366
225026
211438
220186
217497
215755
204988
226495
215221
221573
213019
213995
220999
211100
220118
220785
221743
222395
210261
215107
215708
208701
201160
211451
207806
198401
219060
239905
217669
215554
217160
209926
218481
225928
209770
217254
217144
225343
210712
226590
204742
207584
205918
216248
204749
207872
214723
221962
222448
214934
208916
206195
213783
220109
196238
211341
208774
203032
212337
210667
207780
218394
202053
221740
220070
214360
218208
216227
206457
212393
208223
209337
212013
192834
195452
209185
193694
210954
216119
205481
206602
204804
210734
221426
217607
209933
206546
218023
223022
203289
210789
204770
196692
213977
210115
206165
205041
201076
210080
201952
212589
209985
230762
219842
224778
222826
232372
217139
216524
217356
224535
220190
218398
218709
214760
207805
219070
211634
217074
221721
219143
220571
231420
220204
218667
212555
215533
217936
204708
201413
197459
195877
233340
209252
219677
219052
243470
245129
211329
230854
222902
234193
215814
213515
207388
212127
214448
213017
214170
207024
203024
207271
228761
220784
225822
215523
213479
232332
218219
229428
202115
216731
211016
201471
209993
193964
204514
211512
195014
206814
215702
215059
212259
216530
217915
206377
213669
208813
223171
208382
199333
207736
212042
206255
207442
206774
210444
212043
211444
224171
253484
200381
208567
209284
214555
206347
213348
207281
201369
203036
204567
202065
204087
197661
211417
206370
242959
213481
207645
219428
206641
210975
211877
218819
213212
226253
202077
204113
199645
201375
202434
198004
198368
203615
206546
211092
210465
233897
228048
218306
201498
207606
205599
215461
206031
205360
199218
201068
192701
203120
201826
199023
208096
204583
196808
212918
233460
203979
218681
224009
212619
217281
231961
213883
227690
213752
210384
213859
217455
206679
199316
205602
215563
222582
221466
230459
215703
237987
224645
222547
218293
210590
217898
210822
213333
224763
210517
217749
215366
214799
218614
248277
225501
214693
229824
221021
237596
214815
201037
222266
207486
206018
214546
216545
209408
219239
216732
207188
215429
229281
216859
220588
209516
222542
214932
212238
203090
201389
206957
202363
222468
207381
201478
207920
194666
201533
202018
202845
203261
217280
211452
212551
209999
210035
218917
221359
207624
209831
199367
227581
195122
222907
207231
208114
205887
203119
207476
204734
207801
224034
218236
215380
218455
209277
225669
210132
212559
206310
224678
211431
220014
254109
258831
243635
241931
239111
289717
235368
255988
269214
235952
232955
241591
239016
228527
223247
223719
208374
206621
214296
205276
210571
219520
227192
206959
194121
204098
202586
215119
199537
196033
205909
217525
212939
221431
204128
203831
211597
220252
219909
207470
205635
208963
214876
209028
214790
216097
220008
213655
213974
228642
218735
226817
218789
218461
220289
215503
217015
205857
218974
213310
215075
214839
216776
217026
219115
239140
251281
246322
220390
216366
218379
218716
215253
207703
214441
218882
217719
208135
202939
212278
203028
227105
226731
218487
209775
232014
215100
230040
202233
214646
222891
228348
206281
198703
222600
210341
211963
207902
200559
216647
208863
210748
212335
213083
214129
212171
209803
214389
207005
209200
203564
203488
203117
206457
228401
200632
208375
200404
207040
203385
203561
213640
205970
223248
212043
232898
201041
209736
203958
208896
202525
216867
202444
204775
220269
197033
209747
206799
205251
211219
213214
203818
217070
238664
207369
212967
218209
217863
206873
216738
203794
213581
214507
203751
207994
203727
204971
206552
204269
207773
211449
216363
218559
219932
215267
201916
205006
207744
209019
202856
202589
207937
210807
197822
212856
215034
211474
216931
220868
219317
219898
220264
215930
212772
218470
207515
211873
206955
210627
221594
222252
226087
211246
221378
228649
222979
223145
219322
208454
222063
215550
213356
210965
222875
212261
217840
231371
207498
216801
218477
219001
252117
240881
217445
227887
218643
219098
210476
215418
224262
217443
205392
196285
215421
223043
174803
182843
172410
165952
183627
169943
165425
178214
170768
165082
168171
163594
180197
174027
168843
170859
171513
157417
177450
167919
162098
158234
172457
187646
171121
163062
154771
163005
169764
170107
161795
169405
177476
172336
186792
177065
166022
169353
173063
175278
174129
183130
169691
172535
163624
169122
174949
177073
174574
167780
175126
173964
175859
178815
173001
175144
167405
174203
170168
163838
156056
160517
158977
158489
160862
174780
152845
152602
163706
185792
172665
165096
199093
180472
174364
195412
188523
174311
190390
171984
200260
164715
176519
169562
172228
173504
164978
164283
161034
156564
161104
158431
162950
183960
198323
170790
164076
167270
176480
167670
163667
153898
164594
179590
180470
187734
217998
211255
222853
165277
173797
176269
158663
171062
159318
162834
163356
155718
150950
140999
150377
155122
146612
149506
138885
155913
148214
150921
149134
154266
157961
142555
149562
142730
144964
147502
149109
147777
150106
154114
145669
149286
167995
194230
168793
142211
156976
139416
144958
151661
140914
136517
139147
147412
159704
139097
152868
139018
144583
141500
140961
139857
142764
143031
139968
144125
140183
145331
137654
139252
142470
150294
143101
141797
142659
141301
153048
146808
143517
153127
164547
146564
150338
144251
140781
142505
141293
139489
143102
143905
138971
140692
144368
145580
136690
144922
156427
144370
148835
142462
145464
148529
150115
142777
151204
144287
143267
141524
149266
147146
147327
161535
145781
138985
149830
145905
141382
145594
157727
148567
141988
141746
154174
150399
148890
143437
143152
141864
143176
146753
143265
142600
147054
140227
143564
147366
171728
138438
155769
149943
138827
141467
154035
146008
157692
152959
146839
149901
152446
141089
143522
145902
155202
173625
143619
156182
149940
147251
151318
149288
157455
158064
151582
163354
150909
147927
148242
148367
150380
146368
148782
156086
154720
168200
149424
150194
153687
155792
154525
146957
159268
153771
151955
160577
156280
149152
146943
159308
158659
154914
156262
154382
148520
152276
153016
144796
152438
162589
175562
161729
168934
159126
142698
153471
151519
143846
144560
149252
162913
178715
155422
146555
154231
145244
141550
147581
145437
151771
139536
142855
152444
141413
144995
149184
148227
143676
145345
148213
158112
143565
140693
146152
151676
156554
149404
139035
144379
146100
142036
144133
143194
146688
142768
147095
141455
140668
149412
145941
138090
140813
146876
139871
142664
134560
147393
144230
148090
148152
142251
145370
154626
157796
144341
141091
144384
137784
142534
149682
147848
135647
141117
142251
137385
142934
147337
145771
145705
152557
150665
144070
144363
159145
141768
144777
146961
146648
139656
140161
145153
136530
143583
149576
147023
154826
142513
147410
148776
161369
148395
146311
139372
148091
158234
142566
145321
145417
144100
139706
148605
144242
141756
162275
150616
143004
147385
150286
142313
145399
159233
153575
149434
149232
156520
142739
147904
154775
154488
157073
153155
160229
153028
155236
138249
139694
145980
162289
153259
145394
147845
149385
146872
145066
146905
140540
136835
147404
143075
143662
154836
141219
145025
144319
149642
140032
147014
149002
143636
153755
169288
158237
164007
162719
144745
159079
159236
151028
169730
157225
178492
167668
178438
151891
145826
174709
174299
154580
140958
158985
162445
154046
173236
159489
152571
139839
136029
142700
153881
170922
168271
170281
165897
151183
139951
151656
160411
160742
162451
153197
145556
152592
149986
139883
141509
147353
143721
142815
151060
180015
143980
142991
143638
143406
164554
154292
154849
140026
147651
148946
144431
147158
146860
146000
148676
143576
145514
145015
147366
143454
177282
147731
138730
144449
143797
143832
140026
148502
144321
145934
148539
139194
152839
158393
145181
156617
145205
140425
159969
144172
147390
153875
145081
142852
145424
160949
149234
140975
148238
145770
149975
141159
143074
142331
139190
144745
139295
148289
143187
149736
142779
136924
149874
144267
145072
140427
142839
150565
176583
142737
140802
141040
158983
147570
149904
145602
142529
141878
149017
148093
140450
141148
147091
155204
151843
139072
159627
152507
145321
143026
153557
142153
158617
144381
143986
145025
149421
143364
147094
147259
144143
140500
145353
144509
142738
144904
146109
138881
150526
147548
144055
143019
142658
158651
148330
144574
151513
149161
143431
148443
147515
154230
152717
137600
148546
141094
148904
145749
141046
141454
144112
143356
137731
144998
143632
142294
146288
150278
142789
141221
148526
140771
142234
147526
149937
137150
144525
148408
146188
148647
146185
153654
142967
146517
147050
148724
148752
142718
142908
142374
143236
145799
144991
145721
145383
144402
141287
140167
140402
141732
138425
151913
151872
145414
157466
143336
144414
150879
145691
137901
140637
142871
145297
140803
150180
149401
145868
153936
146921
145145
146395
147637
148973
140319
146249
153303
162433
141394
144905
143474
150126
147590
141606
140363
149328
141420
150947
144837
153120
141895
138809
146051
140244
140803
141382
151791
140920
156248
143044
142017
149772
148802
162448
157060
141824
141592
137439
145133
155930
147970
146168
147860
143041
140998
147492
139687
145514
146481
155532
155713
142511
145053
151122
150410
136597
145775
138601
138273
146558
148560
142870
153892
152684
156536
138865
143402
152964
141819
145429
143769
140023
144253
144031
152562
137735
137249
146639
142822
140494
146136
141398
146745
143028
145106
144744
145815
152813
144544
140192
152588
146077
138346
142480
154887
140512
137381
143684
142368
143665
142163
145946
150661
159880
155383
150160
142047
144538
152193
149249
147641
144355
142319
145119
151533
150645
146027
148360
150721
142762
140618
161289
145262
148445
145815
138747
143026
148632
148246
140164
137875
146827
140052
156214
144204
141047
139264
138163
149809
138311
143663
141140
147299
147003
139954
160643
146595
137149
140872
151823
144225
145731
147143
140977
144102
148256
151727
141671
142259
144557
146268
142134
144149
143250
144710
143674
140578
146394
150071
153578
142941
152563
144322
143745
151991
145203
149514
142773
150738
145611
136653
140218
145872
149378
148207
139703
143556
141791
143034
149727
149966
145575
151244
142327
138230
146555
160503
143017
139799
144044
141896
141529
146339
146786
138677
142431
144322
141400
148171
140365
146103
144272
134938
140956
141242
135246
142107
143194
136601
155566
151508
142973
140950
142002
153073
140895
146005
163226
153351
140718
141195
147289
143007
142559
144612
143158
144041
144851
150516
150608
147505
150269
143625
137430
142263
148162
144710
155206
146633
149706
146709
147756
164086
141592
157640
159684
163451
169565
139294
148083
142716
141523
136576
146263
143382
144128
141206
141049
145583
140135
144103
145699
145744
138970
148382
139083
140897
142153
152791
146921
139441
145095
149735
138603
137340
153133
146669
146345
154262
147605
139316
146076
140322
141442
144881
152624
143177
140487
142951
142673
144590
140236
143595
138299
144350
168183
148916
165479
152152
142876
145040
138391
144795
146279
144715
147155
142252
181707
151261
150396
145178
146070
160433
148096
145391
153773
145494
144277
159271
151767
158449
147411
150796
153419
144971
153888
140042
143756
151301
155205
139368
144258
150139
145592
144882
145307
149347
143230
148478
151540
148048
148017
152258
141648
142857
141366
145515
147831
144650
148650
155579
159353
153308
152520
139956
142484
146185
146024
155269
146956
141471
147544
159003
141771
154585
160123
142033
140005
146185
150484
140762
137320
140197
140120
138839
149195
147730
151192
146870
157759
156080
146620
149863
143187
139916
141269
145089
146144
139241
140872
148534
149768
140919
147835
140959
137505
138816
147651
139361
145943
146569
145914
141636
140031
156493
147804
140837
142715
138787
140863
147348
144042
152414
147443
142236
139976
142128
149353
140666
146549
141594
144787
142226
137145
145837
137730
140364
142384
137242
141522
138269
153602
140215
159720
149304
146772
144609
142500
144361
140096
140499
147902
144158
145938
139535
149643
142050
143239
149041
145714
147025
158756
143347
142440
142115
139959
143058
142219
140012
167302
155117
147111
145945
140471
140391
142881
144153
139034
142102
142867
139327
138937
145841
144460
141493
146997
140946
137734
139673
142820
149283
148962
147354
148949
140744
149692
151183
140789
157342
158173
140052
139302
151616
147519
140259
148891
149107
142134
139641
141537
154481
157718
150318
149259
141329
140178
144956
142981
140309
145093
133509
135527
140162
136593
148439
150569
151870
154755
146694
146249
150494
144314
141773
151626
152155
154275
141705
162028
152470
142664
142624
143704
146288
167141
162806
157260
150715
150339
140402
145009
157685
153682
146020
143155
143315
145255
152505
146429
148142
152144
147686
137406
143181
153123
145806
138997
144420
145617
136807
140010
141626
143850
143507
140786
147921
144109
141945
165605
184712
166503
158824
138692
141153
173035
158337
176362
161430
144388
164894
171733
164336
164705
172922
162984
154406
146940
140179
149134
150633
158880
160387
170340
168684
150949
144023
143821
142597
142801
141424
137958
147299
144291
147627
139141
139212
138677
140919
150706
140420
143060
137131
141043
149201
140959
141517
145399
151465
139117
144121
154895
148378
139247
141868
145885
140588
137963
137788
141162
142551
141901
143989
140158
140721
138003
142680
158710
137924
148894
141023
140053
143283
141021
138246
149582
145172
143378
142541
138727
137396
171943
151489
147367
142506
143238
147190
138641
140835
146567
140127
140556
149027
144357
138708
152049
143955
138287
138373
147034
142025
137573
142787
142230
140751
138972
140264
144856
141384
137869
139228
142817
146535
137665
149839
140039
146899
146518
148673
138928
144501
143476
147253
142136
149903
140902
140093
141409
140383
140449
140269
150847
135609
145871
167131
148719
155953
142641
158475
137985
136673
142225
140611
137976
142162
149474
141912
139147
138714
139461
147174
148320
145175
154860
137865
152447
142434
146652
145048
146591
141767
139585
140682
137903
146106
169419
143755
145643
150513
139764
141312
147571
146555
138409
142155
142499
144249
136466
138996
143303
145800
138484
136360
140116
152536
139468
144325
143106
141907
151186
142729
154857
141643
147320
147338
142035
142779
143006
141255
146993
150277
145582
141743
138146
149789
155243
145887
142307
138784
146202
141656
137648
143679
141043
143935
142558
143038
146731
138816
142325
142354
145308
144813
154715
148163
137854
137291
147659
143166
145012
141262
145660
136726
142276
143433
139380
142023
143253
142981
138761
142753
149964
139056
142397
141870
147519
140062
150696
140351
142313
134884
135840
143059
143436
139557
147700
143937
138175
153388
140390
143095
155213
146928
141260
145077
144172
148411
134779
138673
147252
139877
149499
138845
154537
173311
145650
143478
142269
141083
145182
142702
136714
150380
145362
147578
142635
152102
136602
142305
146283
141588
146788
142233
152917
141989
144073
143801
141564
139621
152885
159093
146503
142530
156934
142593
138914
145389
151908
142994
142774
147956
141983
148374
152992
147909
141296
138502
141855
145978
135575
140047
143794
143009
161875
145948
146537
148602
151603
145594
145193
145734
142990
143273
145013
147406
137055
147193
144464
144493
137351
143164
145495
155217
150753
149929
140863
145377
140523
142141
135107
143428
150782
137699
145833
140817
141754
147627
140227
147007
143541
147694
149275
145148
147854
151155
142868
142143
139838
140617
149289
136641
146529
142126
138997
139808
144891
139794
145977
142810
145661
140975
140266
150533
148714
137114
142648
141557
143926
139434
141747
141833
144489
148035
148307
144244
142275
148139
138267
144615
152247
141341
140955
145279
141445
144585
145147
140811
139705
147583
137691
149210
161545
149365
147968
142019
141859
136899
146899
138576
141371
143507
142687
151205
138538
140223
141257
139571
149979
141674
144163
143484
143079
146676
145964
138506
135324
137103
136939
147249
162952
138422
145944
139213
139033
139580
140391
147152
139242
149926
140786
145055
139283
147678
143316
145077
140594
141082
139929
143097
144914
145141
145193
144430
140974
144189
156261
147349
147512
174031
150939
147876
141696
141029
138151
145091
140370
140429
153303
145394
146891
145355
148844
140097
143439
146219
146768
146541
145610
144073
140275
137840
145248
155205
156946
141794
151228
158923
168992
157905
173841
155597
149181
144856
136053
137372
140600
141292
141608
144710
152513
145305
141125
137708
138877
152659
153960
136640
143760
142334
144689
140644
145516
148740
137184
139161
139764
141520
137628
144744
150997
143033
138974
141255
145063
136713
138251
144075
143196
143456
136975
148634
145749
136432
150908
137129
145556
146024
154288
142537
156759
152790
145003
142792
146619
153624
141695
140591
148386
138723
136302
138165
146653
141572
140290
141467
145218
147409
149451
145227
145403
141123
150098
144213
137884
144393
154090
136550
141056
151276
138892
139540
138604
143251
140965
147968
145942
146141
142805
136001
142375
142348
134108
146658
150102
139650
138069
140979
141521
141951
144893
139182
144860
146731
134779
150291
145690
142387
152634
151859
142479
136576
144463
149001
144184
148472
142424
144464
145052
163699
143197
150575
148126
142051
145360
141058
136743
142611
137466
137044
156174
152314
144116
140767
142746
144153
143080
147165
140461
143405
140336
149705
141753
143966
140034
145980
136895
137224
140554
138379
142858
139733
147410
139961
139158
145243
143628
152837
148285
146479
145199
138714
143013
145241
137856
137952
143898
140009
152805
147621
146098
136296
147555
147891
144823
143069
145856
138091
143576
162211
144822
142135
140792
146873
145711
149239
142125
148505
156302
147929
138001
147545
139585
145831
141163
147260
141375
141090
141433
134611
148566
151858
145985
147050
140554
141941
146917
142653
141626
146590
153156
142334
142241
146184
149783
144476
143292
142039
143609
141631
144393
137005
141945
147253
144012
140168
146143
143394
145500
138385
142400
139988
136662
135806
149486
140349
140616
140616
140711
147128
149407
147123
140070
136758
145500
142439
140032
144494
154827
145144
148442
146798
138234
138204
140053
149764
141309
156984
142851
150985
144246
151149
153528
147553
137043
142770
140307
143317
141081
145231
139453
145385
145645
145323
144366
143489
140742
134649
151594
147334
146684
148549
159225
154529
150440
152667
144723
142693
148410
144684
154274
158146
158492
146623
154089
145130
151237
147018
148703
140736
138944
146201
155222
151356
143740
141731
141843
142961
138881
145843
142091
140324
142864
144188
134620
139938
147224
147791
170241
149799
141907
139242
147850
143912
150485
151619
162199
147637
164897
159947
154235
139160
151762
158275
167567
159916
164290
147104
176171
181410
165879
166080
177654
163537
164892
144739
140055
140761
143241
146414
165584
187518
161224
146095
142704
141586
154537
150914
144652
139065
137489
159218
164425
140176
144403
142223
137912
140126
140645
142697
138109
145821
142887
138570
146046
151506
138802
138763
151045
138015
138014
142990
145183
137541
145684
143389
146019
141035
135661
143368
148905
156715
146638
146092
142243
147575
147818
139855
146429
143518
146666
144275
141054
141522
139438
137893
146633
140323
148542
151221
142106
145985
143496
141345
145659
137877
147243
150447
157484
145444
145079
136027
139704
144916
139285
139069
152713
139001
141035
141425
145382
138287
144386
151010
142780
137338
138276
143331
136527
141009
157235
143945
142907
149864
143129
147637
149865
145719
138865
142423
140220
149282
147105
133048
143350
144928
140454
141503
146973
141927
151842
149792
140212
139981
146585
149433
142056
147793
147327
139970
151732
143274
138988
141378
141941
145707
139064
143363
157576
143565
135843
141691
140607
142557
139723
141505
154987
146117
149277
139941
142233
141097
145940
147648
143556
147618
139992
139748
140985
150605
143672
144214
144314
148358
132033
133667
148249
137329
144942
160044
138420
140705
143185
146136
144480
148537
143714
143694
149119
143634
142043
136154
148677
154319
142767
143452
143816
141945
144557
154867
139571
141956
143356
144975
148370
137858
140898
151157
145410
140353
138168
145362
147707
159835
143860
145595
145587
158879
138180
144630
148341
147328
142140
141803
142323
142717
144941
142597
136711
138324
143034
141007
136673
139502
148074
145399
143423
137540
140229
139344
149606
162990
140019
143870
139640
140938
146543
147177
141189
145377
142867
147276
147853
134657
139403
148299
150090
137075
145253
143309
135855
142294
147055
144282
154302
148655
144963
149342
153357
147670
140991
144394
140366
144900
144636
145131
142237
140203
154045
150900
140553
138488
145209
148325
140326
145612
157431
142792
144196
148670
138293
138547
138534
155807
135707
139029
143152
142877
137756
138463
160734
146605
148512
144599
138810
140171
147857
147944
149096
141813
144765
142666
141630
146877
149983
153381
163563
149559
139083
141216
151932
142938
137858
143965
141998
143801
145055
144991
141070
140694
140378
138895
140981
145016
142101
154018
162240
144693
150268
138856
147674
171327
145669
146672
144506
138595
139230
143419
144604
143021
146610
145750
146705
141527
147184
148906
142416
143958
140716
141216
140179
140805
142468
142220
151566
153478
136277
148065
159025
145737
140629
141786
137799
139904
144084
143695
140068
150319
145672
146281
138781
137553
143075
150247
141643
141915
150018
147543
150739
156404
142422
136647
144039
147074
144338
143448
143536
137177
141362
143558
141603
139545
143231
144672
142104
151993
146474
147958
139985
141064
145389
150064
139928
151884
138531
139569
143690
138651
153017
162874
141276
141706
152228
147995
142225
143146
141905
141605
144900
137708
138949
138279
144583
142575
146211
137669
138754
143782
146347
144522
147921
141475
137408
141240
141822
142780
154238
153436
151845
146275
142005
143843
145188
137960
143662
144286
137994
144353
145414
138227
136445
148233
136088
140371
148900
141890
139930
143094
143602
143716
140577
150335
147462
155336
147804
145226
140905
142356
141167
143028
139253
149519
146137
147198
142763
142895
154045
147621
144120
148088
147066
156459
167685
139647
179770
164823
138671
136179
140515
145154
140645
154360
141311
140756
136346
139995
145536
140638
140874
154333
137538
140032
143144
141006
140961
150698
147582
140585
139287
135946
141116
148616
169142
151193
143223
137669
152126
152649
147286
144186
144630
139807
144292
145438
136959
137635
148032
143550
144961
146263
147283
143558
162035
145305
150129
144474
138326
147337
145735
144179
148398
143962
137978
148997
167685
142748
146496
146216
143115
147086
157132
135435
141649
152070
148303
142882
139529
147977
146534
139912
142556
140316
143052
143939
156282
161548
148249
147472
145177
147536
145760
149202
143197
145948
144877
144599
141905
137796
152297
139646
141541
151282
140567
140523
149526
139080
139585
144372
142879
148365
142528
145609
139297
147991
146462
142227
138895
140150
145678
143043
153514
143645
150648
140765
144943
148272
138322
143246
149061
142279
150270
142073
140556
156447
140933
140802
143922
146804
146710
142963
137899
143644
144172
140285
141730
142988
147101
138689
129622
140145
137113
146985
144794
145179
135809
137481
142350
142401
141374
146554
154763
146843
144378
150096
135476
143044
143308
146519
149196
138137
147623
149356
153954
152113
143244
137449
143641
139532
147554
145600
144690
140703
140288
172581
143920
138580
140946
142608
145028
175365
140781
140981
147872
141828
144616
137806
141170
147820
140230
149248
140618
142970
141987
150836
146621
135799
145495
151778
140449
143021
141759
145907
148441
144667
142300
149819
145513
146196
152200
140715
136617
145293
136446
138075
148112
135621
143789
144885
144750
144396
143614
142539
150465
138307
140533
148870
141753
144071
144953
143661
143780
147313
164400
157910
142253
145611
140993
141706
139497
141300
137845
142037
139814
139366
142653
144947
138918
138534
155363
151112
149981
141437
140914
148155
140530
142925
151671
137789
140823
148740
162387
138298
142293
146592
142912
138917
158065
148154
156404
145130
142296
152906
161464
157947
150098
146476
156748
143510
139866
149486
145064
135804
159932
161835
140053
151189
152322
158695
136984
152035
151897
138941
145663
156378
157243
139208
149894
139802
138596
148497
154722
144406
142975
141091
141130
145921
147783
143812
137518
137393
139503
144133
141135
142714
146652
164189
134582
144855
135542
140796
141684
163545
160131
161638
148936
134097
143742
168607
181005
171057
161512
143954
154964
168658
160960
148327
164381
158462
167329
175201
150509
139623
149090
139821
136800
152091
155759
161881
157959
160125
139710
139171
134207
143357
140142
139686
142046
144410
141012
147550
144868
145083
149785
158282
143640
145679
156635
139879
144301
144882
140115
140196
142280
154906
143233
136281
142588
145931
137839
141457
144195
139658
157442
151854
139806
139950
136997
149548
139314
140953
153203
143347
135918
140540
141773
140919
149976
147694
141332
140342
148082
142066
139328
144057
148985
138561
142201
141079
142387
140228
141872
140672
141621
140895
144769
144193
136407
140106
144711
139764
139422
139735
142420
139359
148930
150687
146097
136990
138571
139927
148747
160140
151668
143746
140145
150747
141876
143677
145682
145846
138258
149631
135641
140084
136923
143689
148724
144543
138394
156768
142215
152789
147363
142657
142605
138868
145059
142082
143623
140676
140296
147277
143114
143238
145468
144820
145858
143182
148677
145036
150683
143211
145807
148110
139822
144329
139704
142319
144211
151491
144419
143876
141042
138994
144295
137832
138074
142220
139016
145398
138494
143890
142943
144444
143226
140250
150035
138774
139865
144039
135943
142707
152443
139449
146666
144432
143369
145542
143828
142529
145428
148556
146420
140356
141719
138505
143909
147160
137203
146118
157432
139799
146257
139956
137326
140068
148052
140901
138817
139083
137649
152036
148317
140788
146291
163117
147927
142651
140245
152525
135780
137865
142995
141347
141779
142377
144105
147839
136815
139328
147651
141031
138374
141660
136052
141744
145143
137738
142579
140982
143783
138269
147994
144679
143907
139064
144910
155073
147992
142455
140070
143560
147575
149335
144793
136420
138435
145928
138238
142636
148328
151170
139118
142220
145643
148089
145523
146872
147463
159903
149419
148126
145721
142492
148833
146031
152917
146789
137314
137860
155878
159760
145009
147643
142056
143070
138562
153843
149763
140771
140965
146558
145458
138326
152993
158088
142765
144848
142451
145432
138528
139395
151219
136477
144224
142770
141742
141954
141593
148685
140011
137859
144827
139288
142301
147901
144471
144879
147754
141064
139475
152156
164581
144640
149486
145964
144382
137655
140934
152524
139877
139801
144876
144462
145930
140643
147034
136920
154967
146354
150710
139921
140622
145381
143930
136304
146571
144424
140937
144425
142489
168738
141881
144242
143644
139370
150258
145386
140856
149179
147334
150366
148587
145775
142673
141358
141185
144169
139332
138226
141134
139176
138431
139228
138546
143422
139813
136874
148166
153004
139789
139983
141175
141941
142200
143267
142903
153966
149777
141407
144130
151781
143152
136005
140853
138441
147006
146909
158835
149067
143754
144245
144333
141661
139221
150553
165730
149363
146251
139567
136966
139247
139224
143839
138364
141296
139206
142060
144378
144005
141984
145477
151915
139836
143078
152487
147674
142430
144254
140851
141557
143113
138407
149345
157593
136498
139898
146268
139465
138758
140250
143956
145959
144682
141241
140981
138847
142290
135861
140899
144433
137392
140296
148854
141824
140895
150582
141781
139801
142531
148438
136976
152849
153280
138742
139844
139653
144628
140623
143200
145068
142811
141664
141311
144243
140698
152124
143247
137252
142816
141392
143745
139247
141856
146169
143257
143742
140877
159425
173474
138166
149477
144834
148729
148459
163847
149306
143312
159642
169964
143468
148829
136490
145694
153298
138523
140724
142221
143884
130464
139645
154260
138568
139978
140193
151364
136487
144574
143304
143624
142846
135371
149054
140161
139209
147704
155317
139895
149679
145117
138577
138554
150987
137951
135390
144148
147055
138747
140088
153936
141166
147919
155192
146973
145990
147892
140266
148367
139360
141387
141011
140238
140541
154302
139047
140811
132775
148311
145186
151015
144033
149291
138485
149213
139514
140245
145518
138684
142883
139870
158797
137953
143276
140344
156572
141898
138970
145936
135090
135403
148705
142828
139345
141896
144317
140844
144702
150662
141078
137468
139498
150232
149024
143751
144789
141351
143765
140602
147879
140590
136176
143396
138725
153984
145018
144082
139967
142649
146301
142711
138591
139461
139607
142736
153987
146496
142479
140208
141964
144033
148937
152010
144676
138259
144932
143424
145738
144749
145368
153859
144033
143152
147142
149895
138850
145637
144702
142827
142826
145283
142145
145158
138872
141735
143764
148922
145287
141476
145384
154111
145645
147284
141434
143169
140439
137374
144809
146152
137427
137969
142536
149997
143935
139995
144473
143082
141759
148779
141523
138779
142716
141273
138614
157892
142928
137208
141925
143747
140454
142958
147347
147034
139029
146059
144714
142719
147849
139273
141843
138152
138560
152132
145642
144201
157146
141616
144369
141616
145271
140841
139470
146675
153428
145963
138652
143031
140107
139058
143680
145973
140061
139239
144764
141761
142465
141275
145818
140501
147713
140736
137183
142096
149282
151342
144958
140653
138316
141337
143930
140692
141092
146101
155008
145410
143846
141484
161185
158207
147874
140656
141621
136577
141776
153880
140355
146702
148234
146796
135095
143524
147973
142625
151620
151262
144046
141675
143609
137630
141577
138025
145265
141422
146332
139254
142534
153083
143896
149310
140395
139603
144073
146810
145892
158333
149774
142577
148066
159407
166897
151916
148202
153300
142042
156511
158900
145573
136701
147915
161265
146129
163125
136403
144073
152290
150382
160983
160956
145431
144333
152035
153967
139028
143490
146242
145800
145246
147598
141980
142947
138414
142539
143876
148238
144974
140874
144885
147068
142231
137399
157710
143135
141549
140985
140041
141747
138905
150205
144637
143203
167931
157448
156564
140064
144761
148750
168308
171887
173298
166415
138182
150017
155172
158256
158720
155260
160042
153092
160232
138019
138481
153665
159516
151701
151178
145696
174267
156965
162562
162404
142902
137903
139063
140134
142265
139729
147170
143493
140619
137753
137344
149634
149106
143322
148745
137579
150299
141536
148909
141607
137273
145546
137564
144955
144907
140938
135368
157450
153803
137676
141981
143695
143602
136078
150855
150423
138010
143139
138851
152629
176963
153726
142348
139176
145816
143098
140319
141019
137270
144895
138459
138282
139707
146239
138848
139674
150483
140433
146653
142984
150756
139896
138311
151093
134474
135424
141188
156101
139100
141137
143031
139173
141618
140577
143331
146551
160482
141643
138648
144073
155958
141251
137616
143020
144194
145935
135278
148754
139174
140814
149511
143896
144582
157323
154699
142663
158327
139615
147235
148085
137893
147765
142997
143359
144578
136037
138561
139090
149574
144681
148227
139465
140036
139311
141952
143531
147261
137089
141399
137443
149256
153316
142765
142921
140544
143861
144341
143075
142893
138539
139410
143780
146046
144547
139699
135219
142433
139957
139594
146414
137096
138962
149537
148184
143724
155085
141159
138812
141611
154646
146021
139971
141317
136015
147845
141601
150273
142439
140037
142155
136753
144798
142313
144683
139423
158234
144178
138107
145318
141217
144543
170042
145427
141496
137918
139223
138840
150109
141731
144190
148008
144408
137312
147667
144517
148547
145207
142370
139652
140655
142369
145368
140246
142603
142492
140163
142722
144334
145301
160301
145987
142519
142847
151250
138811
154757
146291
146034
143276
137375
139704
139228
143672
143274
147006
143763
140279
141117
152695
148447
143218
144891
140650
144556
148276
159590
142859
141302
149241
147999
140959
147097
143493
140927
152810
143925
144019
138243
157469
144504
138941
146333
147746
137469
140985
139295
154871
146707
140776
150933
145024
145063
158058
149763
146931
144020
136201
137362
142120
157980
145547
143803
145142
148473
138820
144187
148839
140620
147055
153616
137919
146765
139683
150401
140129
147362
146567
142473
141256
140845
143784
146984
143763
142723
147635
142609
153138
141403
146182
146426
151328
137683
148595
149042
142621
144040
139392
142119
139777
138223
139036
145559
152351
140315
143738
138630
140192
139709
147377
137991
161931
139894
135637
137038
135790
149568
144827
143415
151273
139255
136196
151271
142615
143371
146411
138861
146284
139043
144784
142706
141954
143008
145710
140538
146405
154576
142165
141768
151230
141412
138161
140707
141696
142271
141569
151160
144190
140564
138610
145583
148272
136586
150891
149549
138000
145351
140864
137944
139566
144460
143025
151834
148394
144281
141893
145492
144692
141348
139431
138829
138895
152465
145096
151067
145852
141957
140374
145112
154270
142923
147809
138720
143649
138456
143933
150197
165799
142275
148007
146827
147375
138226
136823
147976
144890
140143
139280
145062
139355
138179
144674
153876
143735
136688
143611
137623
144641
147396
143745
147102
142691
150435
141415
147615
145439
138890
145703
157860
149860
144104
147316
144872
143371
142498
141217
142684
148521
145486
142631
141551
140993
141714
142797
140340
138152
145033
139485
148716
151108
145163
153993
153697
137935
138432
143595
139513
142440
146696
146196
139293
148851
147172
152761
145496
148818
141176
148278
151027
160762
162324
173025
146481
139281
148082
170416
162860
140967
142085
141092
144966
139606
142417
150737
139762
139994
143084
140278
143400
144660
156068
138224
143105
149394
137168
136070
142089
140711
140070
147961
146054
146649
143914
156374
159431
145837
141932
142291
140551
143462
141564
144175
139223
142993
144451
140496
140723
143129
150146
165442
144622
149423
144197
138397
145011
140357
138853
153314
149405
137805
141864
147960
148869
140725
144363
143729
146125
140247
151271
141335
148784
138414
139404
151859
142132
150414
151561
137371
144530
143092
143816
137279
143474
134771
146497
147462
142390
144547
141364
141478
138649
136089
143057
146968
145476
141649
142394
142068
142644
147862
140163
145044
145581
153504
142011
139802
145501
140977
139610
143293
150196
144545
142403
148425
144159
144277
142328
141050
156093
146480
145071
146001
144760
146829
143369
135852
144397
140595
150895
141948
152797
146881
142284
147978
145155
142856
151929
139083
143396
147276
148244
144084
142929
143121
147123
142364
141556
143620
143344
136608
147650
139715
134719
137890
139703
139791
149263
147233
151923
150821
134480
144493
145820
145170
140216
148066
143095
141825
143684
138024
138856
149722
144476
147683
147141
139832
142615
137353
149130
154481
140803
143014
139640
143346
146046
161618
150589
154388
141365
137313
139178
141587
151398
138537
145420
147863
138300
138957
139144
144407
141468
143032
148899
151812
143727
153824
144665
138789
142018
141640
138820
141493
141959
152421
147271
147140
153633
141288
137468
139642
149155
139624
146362
142878
139329
139100
145650
145776
145294
144376
140269
145189
141026
141190
144928
149561
142874
144131
140427
140067
157657
146269
149943
143628
138056
139736
140292
152329
139283
146471
141436
140392
138100
141272
143060
149312
158236
144419
145306
140897
139568
155493
136306
146231
146421
136987
139820
142872
150463
148119
140408
166580
140026
147012
155197
154825
146937
151862
138128
139594
145445
139602
151599
148625
152243
147203
147049
151870
145590
145033
143805
146250
138506
145688
173575
164968
149450
142065
145767
143604
157752
137005
140657
156654
152451
146036
142625
138950
151420
141075
141949
144392
140658
144391
140834
148286
139183
149160
146061
142530
138627
142111
147902
141679
164857
150976
141365
145396
148973
146977
146279
149293
145435
140767
138637
140895
148654
167108
161990
145952
142475
137753
189949
164609
175194
164263
149955
140433
142227
162341
174945
160485
153383
159609
158154
159366
158948
148618
145313
140086
142052
152947
145666
154843
168595
161069
158926
158954
148599
142476
144188
143352
139853
145246
154155
145570
142400
137880
144775
144169
138821
144226
140412
145483
148016
143522
143602
140994
149661
137764
159143
141442
141770
142592
143172
156146
138788
138462
147677
139843
139064
146241
143717
145266
157712
151703
139945
137934
147253
153223
137336
146046
140559
140109
139206
136813
142941
142795
138367
156110
140246
141742
144866
145255
137469
139576
138394
141668
139849
139527
143389
138979
143077
147402
175695
136832
137896
140092
146273
161717
147622
150270
138702
150433
144520
141357
141864
145421
144262
141532
147649
146380
137887
141387
147202
150460
157469
139132
151105
146113
143777
140902
155287
145409
154123
146672
147421
144240
140824
144713
137025
149044
140468
139150
143758
144019
138056
147998
143773
143983
144620
138601
142026
139870
144258
145924
149958
147387
159715
164704
145158
148756
146125
152909
149160
140091
139729
145024
141231
139827
146623
156365
157346
146655
148469
143774
149769
141696
140371
144530
143342
148319
137382
146899
146102
141881
146621
138490
140931
140578
135748
145016
145944
144888
142974
140858
138004
158824
146151
146019
139102
144799
150831
145564
145126
143488
141475
142349
139727
145878
145517
133575
147019
146928
144306
145188
140881
152946
145757
144764
142832
140471
138598
147342
138331
144225
176680
165693
144675
152281
146964
143208
144147
140042
146439
141303
152119
142101
140489
142794
144224
142710
146595
145937
142520
143740
139403
144213
138935
143420
153170
141391
143783
138866
138281
138552
135630
146460
139167
137434
139316
136591
147773
148670
141121
137780
153887
144482
141037
141332
140187
161025
142257
144124
147074
144727
143578
160581
154813
145293
158815
148017
141935
145197
153645
140228
148997
151687
138552
143384
145060
145445
139355
143867
145232
147213
141485
143688
146944
149903
150794
151657
148408
143793
145759
143932
148491
137986
146445
143918
139817
145848
148890
140574
141112
150030
140966
143875
149533
150554
147551
151561
140577
142469
141757
149950
146322
150641
141527